3  27
18  30
1  9
11  31
29  30
6  38
23  29
33  36
2  34
3  16
17  35
18  20
23  28
8  23
9  10
10  21
7  23
13  23
16  38
1  24
15  34
33  40
1  29
5  14
36  39
6  15
31  32
16  19
10  27
13  26
18  31
11  27
15  35
16  27
18  36
3  36
26  33
5  10
9  14
21  36
7  35
18  29
6  7
9  30
8  21
14  16
15  28
27  30
20  33
4  22
18  25
16  39
13  17
14  35
21  31
20  30
10  24
4  13
2  17
11  14
4  11
5  35
3  6
9  36
10  18
2  31
17  29
12  20
21  38
25  31
11  36
3  24
11  26
25  35
30  35
1  38
36  40
12  35
27  38
3  9
1  11
24  39
12  29
19  33
17  37
5  21
13  14
11  30
13  15
3  12
29  40
22  40
17  38
11  22
10  36
30  38
3  34
28  30
19  25
23  32

